tile_0_0_loss: -6.1025390625
tile_0_0_step: 2000
tile_0_1_loss: -5.8935546875
tile_0_1_step: 2000
tile_1_0_loss: -5.31396484375
tile_1_0_step: 2000
tile_1_1_loss: -5.39453125
tile_1_1_step: 2000
